1500
1616
0 4.7
1 1.9
1 0.6
2 0.8
2 0.2
3 2.5
3 2.0
5 3.2
7 2.9
9 4.7
10 1.6
12 1.3
14 3.7
17 4.0
18 0.9
19 1.9
19 0.3
25 2.0
25 0.0
29 0.5
30 3.8
34 1.1
36 1.3
38 3.4
38 1.2
39 0.1
40 2.3
41 2.4
41 0.4
42 4.9
42 3.7
42 3.6
42 2.6
42 2.4
46 3.6
46 3.0
48 2.0
49 3.5
50 2.2
52 4.2
53 3.4
53 2.0
55 2.2
56 2.8
56 2.0
59 4.2
59 0.3
60 3.6
60 1.9
61 0.3
62 0.4
63 3.7
63 2.5
63 1.6
64 4.9
65 0.1
69 3.2
70 4.5
71 4.8
74 3.7
74 3.6
74 0.2
75 2.5
75 1.2
75 0.4
77 1.7
79 4.2
80 1.2
81 2.9
82 1.7
84 3.5
84 1.2
85 3.7
86 1.8
86 0.0
88 4.1
88 3.9
88 0.9
90 3.6
90 0.2
91 1.8
93 4.7
93 4.1
94 3.8
96 4.6
97 0.9
98 2.4
99 3.5
99 2.4
100 3.3
103 2.1
103 1.4
104 0.9
106 0.5
107 4.6
112 1.6
112 0.2
115 4.5
116 0.6
117 4.2
117 4.1
119 3.2
123 3.4
123 1.1
123 0.6
124 5.0
124 4.5
124 1.5
126 2.8
126 1.9
126 0.9
127 2.3
127 2.0
127 0.3
127 0.3
128 1.8
128 0.6
129 4.9
130 0.6
132 0.5
133 4.0
133 2.6
135 4.8
136 3.2
137 2.2
137 0.7
138 2.1
141 0.8
142 0.4
143 2.1
143 2.0
143 1.1
143 0.6
147 4.5
149 3.5
151 1.0
153 2.8
154 0.1
155 4.1
156 4.2
156 1.4
157 3.2
158 1.5
159 3.5
163 4.2
164 4.8
164 4.6
164 0.9
165 3.1
165 0.2
166 0.2
168 4.3
169 1.3
170 0.8
174 0.9
176 4.0
179 1.3
180 5.0
180 4.7
182 0.1
185 1.2
188 2.5
189 0.0
190 4.2
192 4.1
192 0.6
193 4.4
193 1.6
194 3.8
194 3.0
200 3.7
202 1.5
204 3.4
204 3.1
205 1.4
206 1.4
207 2.6
210 0.9
211 1.0
213 4.8
213 4.0
213 2.4
213 2.1
213 1.7
213 0.8
213 0.4
214 3.8
215 0.1
217 4.9
217 2.9
217 2.5
218 1.6
219 4.1
219 4.1
221 1.2
225 3.0
225 2.6
228 0.4
229 1.9
230 3.3
232 4.6
233 0.2
233 0.1
235 2.1
236 2.9
236 1.9
237 4.3
237 0.0
238 1.5
242 4.6
244 3.6
246 2.5
248 0.9
249 4.6
249 3.6
249 3.0
249 0.8
250 4.2
250 0.1
251 2.2
252 3.8
254 4.2
254 2.3
255 2.5
261 4.9
263 4.7
266 4.0
267 0.2
268 2.3
269 4.2
271 4.8
272 1.7
273 3.1
274 2.4
274 1.2
275 4.6
275 4.6
275 2.3
276 0.2
276 0.0
279 4.1
280 5.0
280 4.3
280 1.5
281 2.9
281 1.5
284 4.5
286 2.1
286 1.0
287 2.0
287 1.2
288 0.6
289 2.3
290 2.6
290 1.2
291 3.5
291 1.2
293 3.8
293 1.4
299 2.3
300 4.5
300 4.2
300 2.5
301 3.6
301 3.4
301 1.0
303 0.3
303 0.0
304 1.1
305 0.3
306 1.3
307 4.5
307 3.4
308 3.4
309 3.2
312 4.9
312 4.6
312 3.8
312 1.2
313 4.2
313 2.8
313 2.3
313 1.8
315 4.8
317 5.0
321 4.8
321 3.2
323 3.7
323 0.3
324 3.1
324 3.0
325 4.1
325 3.3
325 1.2
327 1.2
327 1.0
328 2.1
331 1.5
332 4.9
334 1.8
336 3.2
338 3.9
338 3.6
338 0.6
339 0.9
339 0.0
340 4.0
340 3.0
340 1.9
341 3.1
342 4.6
342 1.3
347 2.5
348 4.2
348 3.0
351 3.7
353 4.4
353 1.7
354 4.2
356 4.8
356 3.5
357 2.5
357 0.8
359 0.0
360 3.5
360 1.8
364 2.5
365 4.0
365 3.3
365 2.2
365 0.6
366 5.0
366 3.7
366 2.1
366 0.0
367 3.8
371 4.2
372 4.3
373 1.1
374 2.3
375 2.8
375 1.9
376 2.2
377 0.3
379 4.3
379 0.0
380 3.9
380 2.2
382 2.6
382 1.7
385 4.6
385 1.3
386 1.4
390 0.1
393 1.7
394 1.7
394 1.6
396 3.7
398 4.0
400 2.5
402 2.4
403 3.8
403 1.1
404 2.8
404 1.8
405 3.1
406 1.3
409 4.5
411 3.2
412 3.4
412 0.0
414 1.4
417 3.6
419 0.8
420 4.2
420 1.6
422 4.2
423 3.4
424 1.8
426 4.4
427 4.7
427 2.9
428 4.2
428 0.3
429 3.5
429 1.0
431 2.2
432 0.8
434 3.3
434 2.2
436 3.2
436 2.5
436 1.1
437 3.9
437 1.0
439 0.5
441 4.8
442 0.7
444 4.3
444 2.0
444 1.2
446 1.9
447 4.4
450 4.8
450 4.3
451 4.4
451 4.0
451 2.3
454 4.7
454 4.1
456 2.5
456 2.1
456 2.0
458 2.5
460 1.6
462 4.8
463 4.1
464 3.2
468 3.9
468 0.8
469 4.7
469 0.6
471 4.3
472 4.8
473 1.7
474 3.8
474 3.4
475 0.0
476 1.7
477 1.2
478 3.3
478 2.4
479 4.1
480 3.2
480 2.4
481 2.4
481 1.8
481 1.4
482 3.5
482 0.1
483 4.8
483 0.9
484 1.9
486 2.6
487 4.6
487 4.6
487 2.0
488 3.5
489 3.8
490 4.8
490 2.0
491 4.7
491 4.3
491 2.5
492 2.4
493 3.7
493 2.8
493 0.1
494 1.1
495 0.9
496 2.3
496 0.4
497 3.3
497 0.8
498 3.6
498 1.8
498 1.6
499 3.6
499 1.0
500 0.8
503 1.7
504 1.4
505 2.4
506 4.2
506 3.8
507 3.0
509 2.5
512 3.8
513 4.9
513 0.4
513 0.1
514 4.6
514 0.2
515 3.9
516 3.9
518 4.7
518 3.4
518 3.2
519 5.0
520 4.6
520 2.1
520 1.5
521 4.7
521 4.6
521 4.0
521 3.8
523 4.1
524 4.1
524 2.2
526 3.2
528 4.4
529 4.4
529 0.0
531 4.5
531 3.6
531 3.6
533 4.4
533 4.0
538 1.4
540 4.8
540 1.9
541 4.3
541 0.3
542 3.9
543 1.3
544 4.4
544 3.5
545 3.5
545 2.8
546 4.0
546 3.9
548 1.5
550 0.6
551 1.6
553 3.0
554 2.2
558 1.3
559 2.1
560 0.5
560 0.0
562 1.1
566 2.8
567 2.7
568 0.1
569 4.0
569 0.3
571 0.1
572 3.4
572 0.3
573 1.7
574 5.0
575 5.0
578 0.8
579 2.6
581 4.4
581 3.8
589 0.0
592 3.5
592 2.2
594 0.3
595 1.3
598 2.5
600 2.6
601 3.6
601 1.1
602 4.9
602 4.0
606 1.0
607 3.8
608 4.3
608 1.1
609 2.9
612 0.6
614 2.7
614 0.3
615 3.6
616 0.6
618 2.2
620 3.4
621 0.6
623 1.1
626 4.8
627 0.9
628 0.6
628 0.3
629 1.0
631 2.8
632 1.5
633 0.2
634 1.8
636 5.0
640 4.8
640 4.3
641 4.6
642 3.3
643 3.9
645 4.6
645 3.4
645 3.0
645 0.7
646 0.6
647 2.0
649 4.9
649 0.2
649 0.1
654 4.6
654 1.0
656 4.2
656 0.7
660 4.6
661 0.1
666 1.6
667 1.3
668 1.4
669 1.6
670 4.1
670 2.9
671 0.5
671 0.4
672 4.8
672 3.0
673 0.4
674 3.5
675 4.9
675 1.3
679 1.4
681 2.7
682 4.9
682 4.6
682 2.0
684 4.3
684 3.3
685 3.0
686 3.1
687 5.0
687 3.2
689 1.3
690 1.4
693 1.7
693 1.3
694 2.5
695 1.3
696 2.8
698 0.9
699 4.9
699 3.9
700 4.9
700 1.7
701 2.5
704 5.0
704 4.8
705 4.0
706 3.1
706 1.2
707 1.0
710 2.4
711 3.4
712 3.1
712 0.4
713 3.6
713 3.5
715 4.9
716 2.7
718 4.1
719 1.6
721 3.5
721 3.3
722 4.2
724 0.0
725 5.0
725 3.2
725 0.7
727 4.6
729 4.7
730 3.4
730 1.6
730 1.6
731 4.7
731 1.2
733 3.4
735 0.7
736 1.3
736 0.3
737 2.1
740 1.9
740 1.9
741 1.2
742 0.6
742 0.1
743 3.6
746 4.3
750 2.8
754 4.4
755 2.3
755 1.9
759 0.7
760 4.4
760 0.5
761 4.4
761 2.4
764 1.6
765 2.0
766 3.0
766 1.6
767 3.5
767 1.1
768 4.2
768 1.4
769 4.0
769 3.1
769 2.6
772 3.3
772 2.9
773 4.9
775 2.0
777 4.7
777 3.2
781 1.3
782 0.4
784 3.2
786 0.9
786 0.8
791 0.5
793 3.8
793 0.8
793 0.4
794 2.3
794 0.5
795 1.4
797 3.4
797 1.3
798 3.2
798 0.6
799 0.4
799 0.3
800 0.2
801 4.0
801 1.1
803 3.0
803 0.1
804 2.6
805 0.5
806 4.6
806 2.6
806 0.5
809 4.8
810 1.0
811 3.8
811 2.0
811 1.0
815 3.3
819 4.4
820 4.0
820 2.9
820 2.0
821 4.8
822 4.1
824 2.1
825 4.7
827 3.4
830 4.5
830 1.5
830 0.6
831 2.4
831 1.1
832 2.2
833 0.5
834 1.3
835 4.6
837 2.6
837 2.0
838 3.5
838 2.7
840 4.9
840 0.8
841 3.6
843 1.0
844 2.1
845 3.7
845 2.2
845 1.2
846 4.3
846 3.5
847 0.5
848 2.5
851 1.6
852 3.7
852 1.1
853 2.4
855 3.3
856 4.2
856 0.5
859 2.9
859 0.0
863 3.0
864 0.2
865 1.6
866 0.6
868 2.4
873 5.0
873 3.7
875 2.2
879 3.0
880 3.0
881 3.9
881 1.7
881 1.6
882 4.1
882 3.9
882 2.0
889 5.0
889 2.7
890 3.8
890 1.6
890 1.5
890 1.5
891 3.5
891 2.8
892 4.3
892 3.7
892 3.5
893 2.6
894 2.3
897 0.7
898 4.4
899 5.0
899 4.8
899 2.7
901 1.5
902 1.3
903 2.4
904 3.3
904 2.8
904 2.3
904 0.2
905 3.9
905 3.1
908 2.2
908 0.1
910 3.8
911 2.2
911 0.3
913 0.8
914 1.6
915 4.2
915 3.8
915 1.6
916 4.2
916 2.9
916 1.6
918 4.4
918 4.3
918 1.9
919 0.6
919 0.1
922 4.7
923 4.2
924 3.7
928 1.9
929 4.3
929 4.1
929 1.2
929 1.0
932 4.7
933 4.3
933 2.2
934 4.0
934 2.2
935 4.4
935 0.4
935 0.1
936 2.1
939 4.1
940 2.4
944 0.4
945 3.2
946 2.5
946 1.5
947 4.4
947 0.9
948 0.8
952 4.8
952 2.2
952 1.2
956 1.0
956 0.6
958 1.6
958 0.6
959 0.1
960 4.1
960 1.6
961 0.0
964 3.4
964 2.6
964 1.0
965 3.9
965 1.9
967 1.6
968 0.5
969 4.7
969 1.3
971 2.7
971 0.8
973 2.8
974 3.9
975 2.2
976 3.7
976 0.8
977 4.7
977 1.1
978 0.5
982 3.2
982 2.1
982 1.5
982 1.0
983 1.9
984 4.8
984 4.6
985 2.7
986 2.0
986 1.3
987 4.9
987 5.0
987 1.8
987 1.4
987 0.8
988 2.7
988 0.8
990 0.7
992 1.2
993 4.0
993 3.6
994 4.1
994 1.8
996 3.6
998 2.8
1000 0.9
1001 4.1
1003 4.2
1005 3.9
1005 0.6
1006 3.5
1010 0.0
1011 3.9
1012 1.0
1014 0.8
1015 3.2
1017 2.4
1017 1.6
1021 1.3
1022 3.4
1023 3.4
1024 0.9
1025 2.7
1028 3.6
1028 3.2
1029 5.0
1033 3.4
1033 0.8
1034 2.2
1034 1.7
1036 1.2
1036 0.8
1038 0.8
1040 1.3
1042 2.6
1043 3.0
1043 2.2
1044 3.7
1044 2.6
1045 1.3
1047 1.0
1047 0.0
1049 5.0
1049 4.6
1051 4.2
1053 1.3
1056 2.2
1056 0.4
1057 3.6
1057 0.0
1059 4.3
1060 1.3
1062 0.8
1063 4.4
1064 3.4
1064 1.4
1066 1.4
1068 3.1
1069 2.3
1069 0.4
1070 4.8
1070 0.9
1071 3.7
1071 2.8
1073 0.5
1074 2.5
1074 2.5
1078 1.5
1079 3.9
1079 3.4
1080 3.7
1083 3.2
1084 3.9
1084 2.4
1085 2.6
1085 1.1
1091 1.7
1092 4.9
1092 2.1
1093 1.1
1093 0.3
1095 4.4
1095 4.2
1095 1.4
1098 3.7
1098 0.7
1099 4.1
1107 4.6
1108 4.0
1110 4.9
1110 2.4
1111 2.8
1111 1.9
1111 1.7
1112 3.4
1116 3.5
1116 2.8
1116 1.0
1117 4.0
1117 3.3
1118 4.3
1118 3.8
1118 0.8
1119 3.4
1120 1.5
1121 4.7
1122 4.3
1122 2.9
1123 0.8
1124 0.1
1126 3.0
1126 2.4
1127 2.9
1130 0.6
1131 4.5
1131 4.2
1134 4.4
1136 1.9
1136 0.7
1137 2.7
1138 4.8
1138 1.5
1140 0.8
1141 0.6
1143 3.4
1144 4.7
1144 2.1
1145 3.1
1146 4.8
1146 1.0
1149 1.5
1150 3.1
1150 0.9
1150 0.4
1152 2.6
1154 0.9
1154 0.1
1156 3.8
1156 2.3
1157 3.6
1157 2.3
1157 2.0
1158 3.1
1158 2.6
1161 3.3
1161 0.8
1162 1.3
1164 4.6
1165 4.1
1166 2.6
1166 2.5
1167 3.1
1169 4.1
1169 0.1
1172 4.3
1174 4.3
1175 2.8
1175 2.3
1176 1.6
1176 0.7
1176 0.0
1177 3.5
1177 1.9
1177 0.6
1178 3.9
1179 3.5
1180 1.9
1181 2.7
1182 1.5
1182 0.8
1183 5.0
1188 3.0
1191 0.2
1194 3.5
1195 0.1
1196 2.2
1197 2.5
1197 2.0
1198 3.7
1199 3.1
1199 2.5
1202 0.8
1204 2.0
1205 2.7
1205 2.5
1206 3.9
1206 2.7
1209 3.8
1209 2.3
1209 1.6
1209 1.0
1210 4.5
1210 1.4
1213 0.1
1214 4.9
1216 2.9
1217 4.9
1219 2.7
1221 4.5
1221 2.1
1222 2.9
1223 1.4
1223 0.9
1224 3.1
1225 1.7
1226 3.4
1226 1.5
1227 1.8
1229 4.6
1229 4.5
1229 3.5
1230 4.5
1235 4.0
1236 1.2
1237 2.7
1238 1.9
1239 3.2
1240 3.5
1241 4.4
1241 2.8
1242 1.3
1244 4.0
1244 3.8
1244 3.3
1244 1.8
1246 4.0
1248 3.7
1248 0.4
1249 1.7
1250 4.0
1252 4.8
1255 4.6
1258 3.1
1258 0.2
1259 3.5
1262 2.7
1262 2.6
1262 2.4
1262 1.7
1264 2.5
1267 4.3
1267 3.3
1268 4.3
1268 3.8
1268 0.0
1269 0.8
1271 5.0
1272 2.1
1274 3.3
1277 0.9
1278 2.8
1281 1.6
1282 3.6
1284 4.6
1284 2.2
1284 2.2
1286 5.0
1286 1.1
1287 2.4
1288 4.3
1288 3.5
1290 2.2
1291 3.7
1292 4.8
1292 4.1
1292 3.9
1292 3.6
1292 2.6
1293 1.2
1294 0.1
1295 4.2
1296 3.9
1299 2.6
1299 0.4
1302 3.0
1304 2.1
1306 4.7
1306 3.2
1307 3.1
1307 1.1
1307 0.7
1308 3.4
1310 3.3
1310 0.0
1311 1.1
1311 0.9
1311 0.5
1316 4.8
1316 2.2
1316 1.4
1318 2.3
1321 4.1
1321 1.7
1321 0.1
1322 4.9
1322 2.3
1323 2.6
1324 4.7
1324 3.4
1324 3.1
1326 1.3
1327 4.7
1328 4.8
1328 2.9
1329 4.8
1329 1.7
1330 1.0
1332 3.8
1333 4.8
1335 1.4
1335 0.6
1337 3.9
1337 0.6
1338 4.6
1340 0.3
1341 4.2
1341 1.9
1341 1.0
1341 0.7
1342 1.8
1343 4.1
1345 2.4
1346 3.5
1347 4.0
1347 0.9
1350 3.0
1351 3.9
1353 1.5
1354 3.8
1355 1.3
1358 1.0
1360 2.3
1360 2.1
1360 1.4
1361 5.0
1362 3.9
1365 3.7
1365 0.1
1366 3.9
1366 3.4
1367 5.0
1367 4.5
1368 4.2
1371 1.7
1372 1.6
1375 3.7
1375 3.5
1376 5.0
1376 0.5
1379 0.9
1380 3.4
1381 4.8
1381 3.4
1381 0.4
1384 3.2
1385 2.8
1387 4.3
1387 4.1
1387 0.3
1387 0.0
1388 3.4
1388 3.3
1393 0.7
1393 0.3
1395 4.5
1396 1.2
1397 2.5
1397 1.6
1398 4.7
1398 3.1
1398 3.0
1399 4.8
1400 2.3
1401 1.7
1401 1.5
1401 1.4
1403 3.8
1403 0.5
1404 1.8
1405 0.6
1406 2.7
1407 4.0
1409 2.2
1410 1.6
1410 0.0
1412 4.6
1413 3.6
1413 0.6
1415 1.9
1416 2.3
1417 4.3
1417 3.3
1417 1.5
1417 1.4
1420 2.9
1422 4.1
1422 1.6
1425 0.9
1428 1.8
1431 3.6
1433 4.1
1433 4.0
1434 3.6
1434 3.4
1435 0.8
1437 2.1
1438 4.3
1438 3.5
1439 3.4
1439 0.8
1440 3.2
1442 4.4
1444 1.2
1446 4.9
1446 2.8
1447 0.0
1448 1.9
1449 3.0
1449 1.7
1450 0.1
1452 2.6
1452 1.9
1455 4.6
1455 3.0
1456 0.3
1459 1.1
1461 1.6
1461 0.1
1462 3.9
1462 0.5
1463 0.1
1464 0.7
1466 4.0
1466 2.8
1466 0.7
1466 0.6
1467 2.6
1468 3.1
1468 1.9
1469 2.0
1469 0.7
1469 0.4
1470 0.7
1471 4.0
1471 0.7
1472 4.4
1472 2.0
1473 1.1
1476 4.0
1478 4.3
1478 3.4
1483 4.5
1483 1.3
1484 3.2
1485 3.1
1488 3.1
1489 3.6
1490 0.1
1494 4.1
1494 3.2
1494 2.1
1497 0.6
1498 2.7
1498 1.8
1502 2.9
1504 4.3
1504 2.5
1504 1.7
1507 1.8
1508 3.0
1509 2.7
1512 4.6
1512 3.5
1512 0.4
1514 4.3
1516 1.0
1517 2.3
1518 1.9
1519 4.2
1519 2.0
1521 5.0
1522 1.6
1523 4.9
1523 0.1
1524 3.1
1524 2.9
1525 3.6
1525 0.9
1525 0.8
1525 0.5
1526 1.1
1527 0.1
1527 0.0
1529 4.0
1529 2.1
1529 0.9
1530 4.5
1532 4.0
1533 4.7
1534 2.7
1534 2.2
1534 1.9
1535 4.6
1536 3.3
1536 0.1
1539 3.4
1540 4.3
1541 4.9
1541 0.6
1543 5.0
1543 4.1
1544 2.0
1545 3.0
1546 0.3
1548 4.0
1548 0.1
1551 3.7
1551 3.7
1552 3.3
1552 2.7
1554 4.1
1555 4.3
1556 4.4
1556 1.2
1558 4.2
1559 4.4
1559 2.8
1560 4.1
1563 2.9
1563 2.3
1564 1.6
1565 4.6
1566 3.6
1566 3.5
1566 3.2
1568 3.2
1569 3.5
1570 4.2
1572 1.9
1572 0.6
1573 4.0
1574 4.5
1574 1.0
1575 3.3
1575 2.5
1576 3.1
1576 2.6
1576 0.8
1576 0.1
1579 2.5
1579 1.9
1579 0.4
1584 4.9
1584 2.8
1586 4.6
1586 1.5
1587 4.2
1587 0.5
1589 1.0
1590 4.3
1594 3.5
1598 0.3
1600 4.2
1600 4.0
1600 3.6
1600 2.4
1602 3.9
1603 2.1
1604 2.2
1604 1.3
1605 4.5
1608 3.0
1608 1.7
1610 3.6
1610 1.6
1613 4.7
1614 4.0
1614 1.0
1614 0.1