500
1793
3 1.3
4 0.3
11 0.1
12 3.8
16 2.1
26 3.8
27 2.8
29 0.1
33 3.6
33 3.5
37 2.1
50 3.8
54 0.6
60 5.0
60 4.6
62 0.3
63 1.0
65 2.6
66 0.8
66 0.2
80 3.2
83 2.9
88 3.9
89 1.3
91 4.7
92 3.1
95 3.6
98 1.6
100 0.6
102 4.4
116 3.4
117 2.8
128 3.9
131 2.4
133 2.6
133 0.1
138 0.1
140 4.2
147 4.3
147 0.5
147 0.1
153 2.8
153 2.4
159 2.0
167 1.1
169 0.3
170 3.1
179 4.0
182 1.5
186 2.8
188 2.2
192 2.5
198 3.3
198 0.7
207 0.1
221 2.2
224 4.9
224 3.5
226 3.5
232 4.1
233 3.7
235 4.0
239 1.4
243 2.0
254 0.8
258 2.5
258 0.1
261 2.3
262 0.4
263 2.3
269 4.6
270 2.8
278 2.6
281 2.8
283 0.9
289 0.9
295 3.9
302 4.9
303 4.2
303 1.7
304 1.7
305 4.3
305 3.9
305 0.4
308 2.5
316 4.8
316 2.0
326 2.6
327 3.1
334 1.3
339 1.5
342 1.6
346 2.9
347 2.4
349 1.7
351 0.2
358 2.5
359 4.6
359 1.2
360 1.3
360 1.0
363 1.7
366 0.5
373 4.5
386 4.6
386 1.8
390 4.3
390 0.7
391 4.1
391 1.4
396 0.4
398 4.8
403 3.4
407 0.8
411 4.8
413 1.8
414 1.4
420 4.8
423 1.9
427 4.3
436 4.5
437 2.0
437 1.0
444 2.5
447 2.7
447 2.2
452 2.8
454 3.0
455 2.0
456 2.9
457 2.8
461 4.3
461 3.9
464 4.7
468 3.7
473 4.0
480 0.4
486 4.5
486 2.0
486 0.2
487 2.9
487 2.4
493 1.0
513 4.2
514 4.2
517 0.4
522 0.4
528 2.4
535 2.3
545 0.9
550 1.0
553 4.1
555 5.0
556 2.7
561 1.9
563 0.1
565 0.7
570 0.1
580 1.6
581 1.6
582 3.0
584 4.9
591 4.6
592 0.8
595 1.6
599 0.1
600 3.5
603 0.8
607 4.4
613 5.0
632 4.2
641 0.9
647 2.7
649 3.3
650 1.7
651 1.3
659 3.9
667 3.5
670 4.2
679 4.6
681 0.4
682 3.3
683 4.9
684 4.9
685 0.2
691 4.3
698 1.7
700 3.2
702 1.3
708 4.1
709 2.9
709 1.0
713 5.0
714 4.4
714 4.1
717 0.3
723 4.7
725 1.5
726 3.2
728 2.2
742 2.8
745 3.6
746 1.9
748 2.3
754 1.2
755 1.9
758 4.3
759 3.6
760 0.8
762 4.0
763 4.1
769 1.2
773 1.9
775 3.0
775 2.6
780 4.4
781 1.4
782 2.1
787 2.3
787 2.1
789 1.9
803 2.2
810 2.8
818 4.7
818 2.9
822 4.0
828 1.8
828 1.3
834 2.8
838 4.8
840 4.4
840 2.4
841 4.7
845 0.8
850 3.0
854 1.7
856 4.3
868 3.5
868 0.9
869 3.3
874 3.0
886 2.0
890 0.1
897 3.4
902 3.2
908 3.2
911 4.2
911 2.3
917 4.0
917 1.1
920 3.4
922 0.3
924 1.0
925 3.8
928 0.9
930 3.1
941 0.9
943 2.2
945 0.4
949 1.3
954 0.6
957 2.4
958 2.7
960 3.6
966 1.8
969 2.8
977 0.8
979 0.6
986 1.6
987 2.5
988 0.7
990 3.5
990 1.9
994 2.0
1007 3.4
1010 2.6
1012 2.3
1020 0.6
1022 2.6
1023 3.2
1027 4.3
1031 4.7
1031 0.8
1032 4.6
1032 3.5
1035 4.8
1036 1.5
1040 1.3
1043 0.1
1052 3.3
1056 1.9
1064 3.0
1066 1.7
1067 2.4
1069 3.9
1072 0.8
1075 0.8
1076 3.8
1078 3.7
1080 2.4
1086 1.6
1090 4.8
1090 2.9
1095 1.3
1098 2.6
1100 2.0
1101 0.1
1103 4.0
1104 2.5
1108 1.3
1110 4.2
1111 2.9
1112 3.2
1116 0.3
1118 4.8
1119 4.4
1120 4.8
1121 2.6
1122 4.3
1123 4.1
1123 0.3
1132 1.0
1135 4.0
1140 3.5
1142 1.0
1146 1.6
1149 4.5
1152 3.3
1153 0.2
1157 4.0
1157 3.7
1159 4.6
1165 0.5
1166 2.5
1180 1.0
1182 3.6
1183 2.7
1185 1.9
1189 3.1
1189 3.1
1194 4.3
1194 2.4
1200 2.7
1203 4.0
1203 2.2
1207 4.8
1215 2.8
1218 1.8
1222 0.7
1223 0.8
1226 2.9
1227 0.7
1232 2.1
1232 1.6
1241 4.5
1250 4.6
1255 3.8
1269 4.6
1274 5.0
1276 2.2
1277 3.0
1284 4.4
1292 3.7
1295 4.8
1296 2.4
1296 0.1
1297 3.1
1307 2.6
1311 2.3
1315 5.0
1323 4.2
1323 1.2
1326 2.9
1328 3.6
1328 1.2
1330 3.6
1341 3.8
1342 2.5
1343 0.3
1354 4.2
1362 3.6
1366 0.9
1379 3.3
1379 2.1
1381 0.1
1385 2.3
1393 2.7
1394 2.2
1394 0.1
1395 3.2
1396 3.2
1400 0.7
1400 0.1
1410 1.6
1412 0.6
1415 2.4
1422 3.5
1428 0.1
1429 4.5
1430 0.5
1433 1.7
1439 3.4
1439 3.3
1439 0.1
1440 4.5
1442 1.4
1453 4.3
1454 1.1
1457 0.6
1464 2.5
1469 2.1
1471 4.8
1471 3.5
1474 3.6
1475 2.9
1478 1.6
1484 1.2
1488 2.2
1489 2.2
1494 2.1
1495 1.2
1498 4.1
1498 3.7
1503 2.0
1508 3.0
1517 5.0
1527 1.5
1533 2.0
1534 0.2
1539 0.1
1541 3.7
1546 1.0
1550 1.8
1556 3.8
1557 2.9
1569 0.7
1583 3.2
1585 0.1
1594 0.1
1599 3.3
1599 1.4
1599 1.3
1613 4.1
1615 3.8
1627 1.4
1628 4.2
1629 1.6
1629 0.8
1634 2.2
1636 2.3
1646 0.6
1648 3.5
1648 2.1
1651 2.0
1655 5.0
1658 3.5
1659 4.0
1660 4.5
1660 0.6
1664 4.8
1664 3.4
1666 4.2
1667 4.2
1667 3.9
1667 2.2
1667 1.4
1669 3.8
1674 3.9
1674 1.9
1680 0.2
1682 3.9
1692 3.8
1693 1.3
1694 1.3
1699 3.7
1699 2.2
1705 0.9
1713 1.2
1723 4.9
1726 4.1
1726 1.9
1729 1.7
1735 4.3
1735 3.4
1742 0.5
1743 0.1
1748 3.7
1755 4.6
1758 5.0
1758 3.5
1775 4.3
1776 0.2
1777 2.8
1779 1.0
1783 3.9
1785 0.3
1787 3.1
1789 4.9
1789 4.8
1790 4.0