500
1510
6 2.3
8 1.8
10 4.7
13 3.2
16 1.2
21 0.2
23 0.0
24 4.3
30 2.1
31 4.1
35 4.6
38 3.5
38 2.8
39 0.4
50 4.3
51 3.0
53 1.4
58 3.1
60 2.9
62 3.8
74 4.1
74 0.1
75 4.8
94 4.8
101 1.7
103 5.0
103 2.0
104 2.2
106 4.0
115 2.2
118 2.9
119 3.8
119 3.6
121 0.5
122 3.4
123 3.7
131 3.3
131 3.2
131 1.7
133 4.6
142 3.5
148 2.4
152 2.9
156 4.5
156 2.1
156 0.4
157 4.8
166 2.9
166 0.1
169 4.3
170 0.8
173 5.0
173 3.5
176 4.0
179 3.6
189 4.4
194 3.9
199 0.7
200 2.0
208 3.0
219 4.7
223 2.0
225 2.9
230 1.0
232 1.0
233 4.4
238 3.7
246 0.8
249 4.8
255 4.8
257 2.0
257 1.5
259 4.1
260 2.4
263 0.3
265 0.3
266 4.7
267 3.8
267 0.4
269 4.0
269 0.2
273 0.1
276 4.2
279 1.1
286 3.0
287 1.8
290 2.1
292 0.8
295 0.8
308 3.8
310 0.1
315 1.6
316 1.3
333 3.1
337 4.3
338 2.7
340 4.6
340 4.1
354 1.6
358 2.5
358 2.2
359 3.5
377 2.1
381 2.2
381 0.6
382 0.0
383 4.9
387 2.5
387 2.0
387 1.9
390 2.5
394 2.3
397 0.0
401 2.3
401 0.1
404 0.9
406 1.9
406 0.6
407 2.9
408 4.8
408 2.0
415 3.6
419 4.2
420 3.1
425 3.5
426 4.6
427 4.2
427 0.3
431 1.5
435 3.2
436 3.4
439 3.8
440 3.9
441 4.6
445 3.0
447 3.5
447 0.1
450 0.7
451 2.8
452 4.2
462 1.7
465 2.0
465 0.6
467 4.9
470 0.8
472 4.4
473 3.6
473 2.7
475 4.5
478 1.9
483 3.1
490 4.8
490 2.8
492 4.0
496 4.2
499 4.7
503 3.7
513 0.0
514 4.0
519 1.4
522 2.8
522 2.2
527 0.9
532 1.6
533 2.0
534 5.0
536 0.2
537 3.4
540 4.8
540 1.3
542 4.9
544 0.1
545 0.4
549 2.1
560 2.5
566 3.3
566 3.3
568 3.0
570 4.8
572 2.1
572 0.9
579 4.2
579 1.6
582 2.8
585 3.7
588 1.9
590 0.2
602 2.4
605 4.9
605 1.7
606 3.9
606 3.2
611 4.2
614 3.1
623 4.3
627 4.5
630 2.1
631 1.2
633 1.6
635 1.0
637 3.2
641 2.8
644 1.4
649 1.2
655 0.9
656 2.7
658 4.6
661 0.8
664 0.8
675 3.2
675 3.0
676 4.6
676 4.2
678 2.5
678 0.5
688 1.0
689 3.4
689 1.0
692 4.3
693 1.0
694 1.4
722 1.1
727 1.3
728 0.6
731 2.6
734 3.1
734 2.2
736 0.9
738 3.8
742 4.2
743 2.2
746 4.8
746 2.9
750 2.7
750 2.4
751 1.4
754 1.6
761 4.5
766 3.5
767 1.7
768 2.6
770 0.5
771 3.4
771 2.6
773 3.3
773 1.8
775 3.5
778 3.2
779 3.8
788 4.4
791 5.0
792 2.4
793 2.1
795 4.7
804 4.0
807 0.2
809 2.7
809 2.6
812 3.5
818 1.4
819 2.3
824 4.5
836 1.3
840 3.8
852 1.2
854 2.5
864 3.9
866 2.3
870 4.0
877 0.1
878 1.0
880 3.7
881 0.5
887 3.8
897 4.0
897 1.3
901 2.9
903 5.0
905 1.7
906 1.1
909 2.4
910 4.5
911 2.2
913 2.6
917 4.2
918 4.6
920 3.7
920 3.3
924 2.2
928 3.5
928 3.2
928 1.3
931 0.7
936 4.6
940 0.9
944 1.5
948 3.3
949 4.5
952 0.0
953 3.3
953 0.8
955 1.7
959 1.0
959 0.3
960 2.8
964 3.5
968 2.6
972 0.4
978 2.8
979 4.7
982 3.0
984 4.1
990 0.6
991 1.7
993 3.1
994 2.8
998 3.9
998 2.9
1004 2.4
1010 3.9
1012 2.0
1012 0.9
1015 2.7
1018 4.3
1018 0.9
1021 1.0
1023 3.6
1023 2.3
1023 1.8
1027 1.6
1028 3.9
1032 4.9
1035 1.4
1038 0.3
1040 3.3
1046 4.8
1047 4.4
1060 5.0
1064 1.9
1068 0.8
1068 0.3
1071 1.9
1075 1.6
1075 0.0
1079 0.0
1082 0.4
1085 0.3
1087 0.7
1089 0.3
1090 2.5
1095 2.0
1100 2.6
1103 2.4
1104 1.6
1106 1.3
1108 0.4
1115 1.3
1116 1.0
1116 1.9
1117 1.0
1118 0.0
1125 1.9
1130 1.4
1133 1.3
1134 1.9
1139 1.4
1139 1.2
1143 1.3
1145 1.3
1146 1.2
1148 1.6
1150 1.2
1151 1.3
1154 1.8
1159 1.8
1160 1.8
1162 1.5
1167 1.8
1169 1.7
1172 1.3
1180 1.2
1184 1.6
1185 1.9
1187 1.6
1189 1.6
1190 0.6
1190 0.1
1192 1.3
1196 1.4
1202 1.3
1202 0.4
1204 1.8
1208 1.5
1209 1.5
1214 1.9
1215 3.5
1215 3.2
1218 2.4
1219 3.4
1225 2.4
1228 1.2
1231 2.5
1233 0.1
1236 1.2
1237 2.3
1237 0.0
1238 3.9
1240 2.5
1240 0.8
1259 4.1
1260 4.3
1261 1.2
1264 4.1
1264 3.5
1266 0.2
1266 0.0
1271 0.5
1272 0.6
1274 0.0
1283 1.3
1283 0.1
1290 4.3
1296 3.0
1297 4.1
1298 1.9
1301 5.0
1301 1.5
1303 2.6
1304 4.3
1312 3.7
1312 0.1
1313 4.0
1313 3.8
1316 4.9
1317 2.1
1318 4.2
1319 3.6
1321 1.6
1331 2.8
1336 0.6
1339 2.9
1345 0.8
1351 2.9
1356 4.0
1362 4.0
1362 1.6
1366 1.4
1367 0.7
1369 3.1
1371 0.6
1372 1.7
1376 2.8
1376 2.6
1377 4.4
1377 3.7
1377 2.0
1378 1.6
1383 2.7
1384 3.4
1385 1.0
1390 2.2
1391 1.7
1406 2.2
1407 2.8
1408 1.0
1408 0.9
1412 4.8
1417 2.0
1430 4.5
1434 0.2
1435 4.2
1438 0.7
1443 4.1
1443 2.3
1444 4.2
1445 1.3
1449 2.8
1449 0.7
1450 4.3
1450 0.2
1451 0.8
1454 4.6
1459 3.6
1460 1.9
1460 1.0
1469 1.6
1470 0.3
1474 1.9
1475 2.9
1481 2.4
1482 4.3
1483 3.9
1494 3.8
1496 2.3
1500 2.2
1502 2.2
1503 0.7
1505 1.3
1506 0.8
1509 4.1